86 155 371
1 47
1 122
1 120
1 140
1 55
1 114
1 29
2 102
2 83
2 63
2 100
2 57
2 11
2 62
3 114
3 72
3 42
3 149
3 25
3 58
4 123
4 35
4 43
4 96
4 88
4 137
4 89
4 69
5 36
5 129
8 12
8 31
8 11
8 33
8 141
9 92
9 131
10 128
10 69
10 144
10 90
10 45
10 100
10 46
10 131
11 109
11 81
11 3
11 39
11 22
11 124
11 63
12 68
13 76
13 134
15 56
15 67
15 143
15 113
15 51
15 112
15 102
16 24
16 83
16 28
16 51
17 25
17 108
17 100
17 109
17 68
18 44
18 124
18 22
18 61
19 33
20 47
21 121
21 13
21 62
21 85
21 142
22 107
22 74
22 102
22 39
23 91
23 69
23 89
23 74
23 23
24 108
24 24
24 61
24 60
24 130
25 9
25 80
25 40
25 4
27 26
27 4
27 80
27 147
28 111
28 76
29 75
29 39
29 26
29 36
29 8
29 49
29 95
31 111
32 118
32 12
32 76
32 135
32 67
32 24
33 106
33 146
33 13
33 29
34 49
34 5
34 105
35 151
35 60
35 138
36 105
36 22
36 12
37 81
37 110
37 144
37 67
37 70
37 119
37 139
37 155
39 26
39 86
40 112
40 136
40 20
40 80
40 13
41 12
41 9
41 153
41 15
41 70
41 120
41 140
42 123
42 94
42 33
42 77
42 82
42 142
42 55
43 133
43 61
43 64
43 132
43 106
43 113
43 137
44 141
44 62
44 71
44 50
44 131
44 93
44 14
45 15
45 112
45 89
45 114
45 11
46 128
46 41
46 8
47 54
47 29
47 155
47 12
47 104
47 149
48 2
48 27
48 115
48 88
48 76
48 145
48 136
48 64
49 65
49 138
49 135
49 50
49 107
49 61
49 58
50 60
50 133
50 3
51 147
51 83
52 71
52 42
52 132
52 108
52 119
55 91
55 48
55 148
55 114
55 45
56 81
56 18
56 114
56 24
56 23
57 117
57 116
57 119
57 53
57 57
57 59
58 147
58 19
58 25
58 127
59 21
59 153
60 57
60 125
60 52
60 38
60 37
61 137
61 14
61 80
61 56
61 43
61 54
62 146
62 41
62 61
62 147
63 97
63 25
63 13
63 87
63 145
63 63
63 134
64 14
64 114
64 87
64 28
64 125
64 121
64 67
64 143
65 66
65 88
65 72
65 93
65 140
66 52
66 28
66 36
66 61
66 151
66 65
66 45
67 125
67 132
67 2
67 40
67 91
67 33
69 132
69 54
69 65
69 123
69 10
70 8
70 25
70 33
71 109
71 24
71 79
71 94
71 102
71 96
73 143
73 77
73 45
73 62
73 141
73 30
73 149
74 10
74 109
74 88
74 9
74 16
74 130
74 146
74 120
75 27
75 30
75 46
75 90
75 88
76 20
76 115
76 137
76 39
76 13
76 119
77 132
77 47
78 42
78 10
79 20
79 129
79 56
79 85
80 129
80 55
80 7
80 99
80 59
80 115
80 112
80 125
81 99
81 129
82 52
82 102
82 21
82 66
82 151
83 49
83 128
84 152
84 82
84 1
84 136
84 2
84 85
84 34
85 104
85 109
85 122
85 78
85 108
85 140
85 131
85 13
86 17
86 137
86 138
86 34
86 68
86 52
